|Name| SpT|  Dist|  Mstar|e_Mstar| Flux|ObsWave| Det|   MDust|e_MDust|
| int|char|double|  float|  float|float| double|long|  double| double|
|    |    |      |solMass|solMass|  mJy|       |    |        |       |
|null|null|  null|   null|   null| null|   null|null|    null|   null|
 1036 K7.5  385.0    0.67    0.06  5.94  1330.0    1 26.46079  0.6682 
 1050 M3.6  385.0    0.22    0.14 -0.15  1330.0    0  -0.6682  0.6682 
 1075 M0.0  385.0    0.62    0.14  1.48  1330.0    1  6.59292  0.6682 
 1152 M0.0  385.0    0.62    0.16  8.57  1330.0    1 38.17659  0.7573 
 1153 K5.5  385.0    0.91    0.12 13.62  1330.0    1 60.67272 0.71275 
 1154 M3.5  385.0    0.27    0.17  1.44  1330.0    1  6.41474  0.6682 
 1155 K1.0  385.0    1.71    0.25 -0.12  1330.0    0 -0.53456  0.6682 
 1156 K5.0  385.0    0.96    0.16  5.66  1330.0    1 25.21348  0.6682 
 1182 M3.9  385.0    0.22    0.13  0.18  1330.0    0  0.80184  0.6682 
 1193 M5.3  385.0    0.10    0.10 -0.02  1330.0    0 -0.08909  0.6682 
 1230 M4.0  385.0    0.19    0.13 -0.02  1330.0    0 -0.08909  0.6682 
 1248 M4.9  385.0    0.16    0.13  0.79  1330.0    1   3.5192  0.6682 
 1260 M4.0  385.0    0.21    0.04 -0.12  1330.0    0 -0.53456  0.6682 
 1266 M4.5  385.0    0.15    0.03  0.11  1330.0    0  0.49001  0.6682 
 1267 M1.0  385.0    0.47    0.06  2.27  1330.0    1 10.11212  0.6682 
 1268 M4.5  385.0    0.12    0.12  0.09  1330.0    0  0.40092  0.6682 
 1274 K6.0  385.0    0.81    0.11 15.38  1330.0    1 68.51295 1.11367 
 1285 M5.0  385.0    0.12    0.05 -0.01  1330.0    0 -0.04455  0.6682 
 1327 M4.5  385.0    0.19    0.16  1.63  1330.0    1  7.26113 0.71275 
 1344 M4.6  385.0    0.12    0.12  0.22  1330.0    0  0.98003  0.6682 
 1361 K7.5  385.0    0.68    0.15  5.34  1330.0    1 23.78798  0.6682 
 1362 M4.9  385.0    0.14    0.12  1.02  1330.0    1  4.54377  0.6682 
 1369 K5.5  385.0    0.85    0.16  1.40  1330.0    1  6.23655  0.6682 
  247 M5.0  385.0    0.12    0.02 -0.04  1330.0    0 -0.17819 0.57911 
  254 M4.5  385.0    0.11    0.11  0.04  1330.0    0  0.17819 0.57911 
  271 M5.0  385.0    0.10    0.05  0.03  1330.0    0  0.13364 0.57911 
  299 M2.5  385.0    0.34    0.09  1.01  1330.0    1  4.49922 0.62365 
  300 M4.5  385.0    0.19    0.04 -0.25  1330.0    0 -1.11367 0.57911 
  327 M4.5  385.0    0.12    0.09  0.10  1330.0    0  0.44547 0.57911 
  341 M0.0  385.0    0.62    0.09  1.19  1330.0    1  5.30107 0.57911 
  362 M2.5  385.0    0.35    0.03  0.56  1330.0    1  2.49462 0.57911 
  374 M3.0  385.0    0.31    0.05  0.12  1330.0    0  0.53456 0.57911 
  396 M1.5  385.0    0.43    0.05  0.10  1330.0    0  0.44547 0.57911 
  397 M4.5  385.0    0.18    0.03 -0.07  1330.0    0 -0.31183 0.62365 
  411 F7.5  385.0    1.69    0.18  5.16  1330.0    1 22.98614 0.57911 
  435 M5.0  385.0    0.12    0.03  0.17  1330.0    0   0.7573 0.57911 
  451 M2.5  385.0    0.34    0.09  0.03  1330.0    0  0.13364 0.57911 
  462 M4.0  385.0    0.24    0.07  0.18  1330.0    0  0.80184 0.57911 
  467 M5.5  385.0    0.12    0.02  0.61  1330.0    1  2.71735 0.57911 
  482 M3.8  385.0    0.19    0.12  0.29  1330.0    0  1.29186 0.62365 
  485 M2.0  385.0    0.36    0.09  0.10  1330.0    0  0.44547 0.57911 
  490 M5.5  385.0    0.10    0.01  0.05  1330.0    0  0.22273 0.62365 
  514 M3.5  385.0    0.23    0.09  0.17  1330.0    0   0.7573 0.57911 
  518 K6.0  385.0    0.85    0.09  0.52  1330.0    1  2.31643 0.57911 
  520 M3.5  385.0    0.26    0.04  0.52  1330.0    1  2.31643 0.62365 
  540 K6.5  385.0    0.79    0.16 10.69  1330.0    1 47.62051  0.7573 
  562 M3.5  385.0    0.27    0.14  0.71  1330.0    1  3.16282 0.57911 
  563 K7.5  385.0    0.66    0.06  0.06  1330.0    0  0.26728 0.57911 
  583 K4.5  385.0    1.03    0.32  1.90  1330.0    1  8.46389 0.57911 
  587 M4.5  385.0    0.20    0.03  0.19  1330.0    0  0.84639 0.57911 
  598 M2.0  385.0    0.38    0.09 -0.19  1330.0    0 -0.84639 0.57911 
  646 M3.5  385.0    0.25    0.04  0.08  1330.0    0  0.35637 0.62365 
  662 K7.0  385.0    0.72    0.12  1.54  1330.0    1   6.8602 0.62365 
  663 M4.2  385.0    0.19    0.13  0.02  1330.0    0  0.08909 0.62365 
  674 M3.1  385.0    0.30    0.18  0.01  1330.0    0  0.04455 0.62365 
  682 M0.5  385.0    0.54    0.14  0.41  1330.0    1  1.82642 0.62365 
  687 M1.0  385.0    0.47    0.13  0.15  1330.0    0   0.6682 0.62365 
  694 M4.5  385.0    0.18    0.13  0.61  1330.0    1  2.71735 0.62365 
  697 K6.0  385.0    0.82    0.06 -0.01  1330.0    0 -0.04455 0.62365 
  707 M5.0  385.0    0.12    0.13 -0.08  1330.0    0 -0.35637 0.62365 
  710 M1.5  385.0    0.43    0.17 -0.23  1330.0    0 -1.02458 0.62365 
  723 M4.0  385.0    0.23    0.11  0.16  1330.0    0  0.71275  0.6682 
  726 M0.5  385.0    0.53    0.14  0.02  1330.0    0  0.08909 0.62365 
   73 M2.0  385.0    0.37    0.04  0.53  1330.0    1  2.36098 0.57911 
  733 M1.0  385.0    0.47    0.06 -0.27  1330.0    0 -1.20276 0.62365 
  736 K6.0  385.0    0.79    0.06  0.45  1330.0    1  2.00461 0.62365 
  738 M5.0  385.0    0.10    0.10 -0.11  1330.0    0 -0.49001 0.62365 
  739 M5.4  385.0    0.10    0.10  0.52  1330.0    1  2.31643 0.62365 
  750 M4.5  385.0    0.13    0.10 -0.06  1330.0    0 -0.26728  0.6682 
  754 M4.4  385.0    0.18    0.13 -0.05  1330.0    0 -0.22273 0.62365 
  762 M5.3  385.0    0.10    0.10 -0.06  1330.0    0 -0.26728 0.62365 
  774 K7.5  385.0    0.68    0.15  0.76  1330.0    1  3.38556 0.62365 
  818 M0.0  385.0    0.63    0.09  1.97  1330.0    1  8.77572  0.6682 
  823 M2.0  385.0    0.39    0.08 -0.03  1330.0    0 -0.13364 0.62365 
  827 M2.5  385.0    0.34    0.10 -0.05  1330.0    0 -0.22273 0.62365 
  844 M0.5  385.0    0.54    0.07  2.85  1330.0    1 12.69583 0.62365 
  848 M4.0  385.0    0.16    0.04  0.52  1330.0    1  2.31643 0.62365 
  859 M2.5  385.0    0.35    0.03  2.49  1330.0    1 11.09215 0.62365 
  865 M3.5  385.0    0.26    0.09  0.18  1330.0    0  0.80184 0.62365 
  866 M4.5  385.0    0.14    0.06  0.10  1330.0    0  0.44547  0.6682 
  871 M0.0  385.0    0.55    0.10  0.12  1330.0    0  0.53456 0.62365 
  897 K6.5  385.0    0.78    0.18  1.71  1330.0    1   7.6175 0.62365 
  908 M3.0  385.0    0.31    0.10  0.09  1330.0    0  0.40092  0.6682 
  927 M0.0  385.0    0.62    0.16  1.41  1330.0    1   6.2811  0.6682 
  967 M4.0  385.0    0.20    0.04  0.21  1330.0    0  0.93548 0.62365 
  984 K7.0  385.0    0.74    0.06  6.07  1330.0    1  27.0399  0.6682 
