|             Name| SpT|Dist|  Mstar|e_Mstar|  Flux|ObsWave| Det|    MDust| e_MDust|
|             char|char| int|  float|  float| float| double|long|   double|  double|
|                 |    |  pc|solMass|solMass|   mJy|       |    |         |        |
|             null|null|null|   null|   null|  null|   null|null|     null|    null|
 J15430131-3409153       150    null    null   0.01   890.0    0   0.00235  0.07288 
 J15430227-3444059       150    null    null   0.22   890.0    0   0.05172  0.06347 
 J15445789-3423392 M5.0  150    0.12    0.03  -0.05   890.0    0  -0.01175  0.04232 
 J15450634-3417378       150    null    null  15.00   890.0    1   3.52637  0.09404 
 J15450887-3417333 M5.5  150    0.14    0.03  46.27   890.0    1  10.87769  0.11755 
 J15592523-4235066 M5.0  150    0.12    0.03  -0.03   890.0    0  -0.00705  0.04467 
 J16000060-4221567 M4.5  150    0.19    0.03   2.40   890.0    1   0.56422  0.04467 
 J16000236-4222145 M4.0  150    0.24    0.03 119.85   890.0    1  28.17573  0.14811 
 J16002612-4153553 M5.5  150    0.14    0.03   1.20   890.0    1   0.28211  0.04467 
 J16011549-4152351       150    null    null  82.07   890.0    1  19.29397  0.20923 
 J16070384-3911113 M5.5  200    0.10    0.03   4.52   890.0    1   1.88909  0.22987 
 J16070854-3914075       200    null    null  92.07   890.0    1   38.4798  0.62273 
 J16073773-3921388 M5.5  200    0.11    0.02   1.91   890.0    1   0.79827  0.07523 
 J16075475-3915446       200    null    null   2.55   890.0    1   1.06575  0.19225 
 J16080017-3902595 M5.5  200    0.13    0.02   3.01   890.0    1     1.258  0.07105 
 J16080175-3912316 K6.0  200    null    null   0.28   890.0    0   0.11702  0.10866 
 J16081497-3857145 M5.5  200    0.10    0.02   8.32   890.0    1   3.47727  0.12538 
  J160828.1-391310 M6.5  200    0.10    0.01   0.23   890.0    0   0.09613  0.07523 
 J16083070-3828268 K2.0  200    1.81    0.28 135.31   890.0    1  56.55155  0.46809 
  J160831.1-385600       200    null    null   0.25   890.0    0   0.10449  0.10866 
 J16084940-3905393 M4.0  200    0.26    0.03   1.70   890.0    1    0.7105  0.07105 
 J16085324-3914401 M3.0  200    0.32    0.04  19.57   890.0    1    8.1791  0.11702 
 J16085373-3914367 M5.5  200    0.10    0.02   3.17   890.0    1   1.32487  0.07941 
 J16085529-3848481 M6.5  200    0.10    0.02   1.81   890.0    1   0.75647  0.07523 
 J16085828-3907355       200    null    null   0.16   890.0    0   0.06687  0.10449 
 J16085834-3907491       200    null    null   0.04   890.0    0   0.01672  0.10866 
 J16090141-3925119 M4.0  200    0.24    0.03  17.50   890.0    1   7.31396   0.2842 
 J16091644-3904438       200    null    null   0.24   890.0    0   0.10031  0.10866 
 J16092032-3904015       200    null    null   0.13   890.0    0   0.05433  0.10031 
 J16092317-3904074       200    null    null   0.25   890.0    0   0.10449  0.10866 
 J16092697-3836269 M4.5  200    0.20    0.03   3.89   890.0    1   1.62579  0.11284 
  J160934.2-391513       200    null    null  -0.56   890.0    0  -0.23405  0.11702 
 J16093928-3904316       200    null    null   0.12   890.0    0   0.05015  0.10866 
 J16095628-3859518 M6.0  200    0.10    0.01   7.44   890.0    1   3.10948  0.07523 
 J16100133-3906449 M6.5  200    0.14    0.03   0.33   890.0    0   0.13792  0.10449 
 J16101307-3846165 M4.0  200    null    null   0.01   890.0    0   0.00418  0.07941 
 J16101857-3836125 M5.0  200    0.15    0.03  -0.46   890.0    0  -0.19225  0.07523 
 J16101984-3836065 M5.5  200    0.10    0.02   0.55   890.0    0   0.22987  0.07941 
 J16102741-3902299       200    null    null   0.59   890.0    0   0.24659  0.11284 
 J16102955-3922144 M4.5  200    0.22    0.03   7.14   890.0    1    2.9841  0.14628 
 J16104536-3854547 K9.0  200    null    null  -0.56   890.0    0  -0.23405   0.1212 
 J16115979-3823383 M5.0  200    0.15    0.03   0.09   890.0    0   0.03761  0.07523 
 J16120445-3809589       200    null    null  -0.04   890.0    0  -0.01672  0.11702 
 J16121120-3832197 K7.0  200    null    null   0.08   890.0    0   0.03344  0.11284 
 J16124373-3815031 M1.0  200    0.47    0.12  29.88   890.0    1  12.48807  0.20479 
 J16134410-3736462 M5.0  200    0.16    0.03   2.14   890.0    1   0.89439  0.12538 
            MY Lup K0.0  150    1.02    0.13 176.81   890.0    1  41.56655  0.17867 
            RY Lup K2.0  150    1.47    0.22 275.50   890.0    1  64.76775  0.27271 
            Sz 100 M5.5  200    0.18    0.03  54.85   890.0    1  22.92405  0.24241 
            Sz 103 M4.0  200    0.25    0.03  11.54   890.0    1   4.82304  0.11702 
            Sz 104 M5.0  200    0.18    0.03   3.15   890.0    1   1.31651  0.07941 
            Sz 106 M0.5  200    0.51    0.10   1.99   890.0    1    0.8317  0.08359 
           Sz 108B M5.0  200    0.19    0.03  26.77   890.0    1  11.18827   0.1421 
            Sz 110 M4.0  200    0.26    0.03  15.40   890.0    1   6.43629   0.1212 
            Sz 111 M1.0  200    0.46    0.12 179.39   890.0    1  74.97438  0.40958 
            Sz 112 M5.0  200    0.20    0.03   3.89   890.0    1   1.62579  0.07105 
            Sz 113 M4.5  200    0.19    0.03  22.35   890.0    1   9.34097  0.11284 
            Sz 114 M4.8  200    0.23    0.03  96.41   890.0    1  40.29366  0.17136 
            Sz 115 M4.5  200    0.22    0.03   0.29   890.0    0    0.1212  0.07523 
            Sz 117 M3.5  200    0.29    0.03  10.47   890.0    1   4.37584  0.07523 
            Sz 118 K5.0  200    1.09    0.20  63.34   890.0    1  26.47236   0.4054 
           Sz 123A M1.0  200    0.46    0.11  40.64   890.0    1  16.98511  0.23405 
           Sz 123B M2.0  200    0.34    0.09  -0.28   890.0    0  -0.11702  0.07941 
            Sz 129 K7.0  150    0.80    0.15 181.12   890.0    1   42.5798  0.12225 
            Sz 130 M2.0  150    0.37    0.10   6.19   890.0    1   1.45522  0.08228 
            Sz 131 M3.0  150    0.30    0.04   8.57   890.0    1   2.01474  0.06818 
            Sz 133 K2.0  150    0.63    0.05  69.05   890.0    1  16.23308  0.18102 
             Sz 65 K7.0  150    0.76    0.18  64.49   890.0    1  15.16106  0.07523 
             Sz 66 M3.0  150    0.31    0.04  14.78   890.0    1   3.47465  0.06818 
             Sz 68 K2.0  150    2.13    0.34 150.37   890.0    1  35.35073  0.10814 
             Sz 69 M4.5  150    0.19    0.03  16.96   890.0    1   3.98715  0.06583 
             Sz 71 M1.5  150    0.42    0.11 166.04   890.0    1  39.03461  0.14811 
             Sz 72 M2.0  150    0.38    0.09  14.10   890.0    1   3.31479  0.06583 
             Sz 73 K7.0  150    0.82    0.16  30.43   890.0    1   7.15384   0.1293 
             Sz 74 M3.5  150    0.29    0.03  20.94   890.0    1   4.92282  0.06347 
            Sz 81A M4.5  150    0.23    0.03   9.46   890.0    1   2.22397  0.04232 
             Sz 82   M0  150    0.55    0.11 600.00   890.0    1 141.05499 21.15825 
             Sz 83 K7.0  150    0.75    0.19 426.90   890.0    1 100.36062  0.16927 
             Sz 84 M5.0  150    0.18    0.03  32.64   890.0    1   7.67339  0.09404 
            Sz 88A M0.0  200    0.57    0.15   8.94   890.0    1   3.73639  0.12538 
            Sz 88B M4.5  200    0.20    0.03  -0.20   890.0    0  -0.08359  0.07941 
             Sz 90 K7.0  200    0.79    0.18  21.83   890.0    1   9.12365  0.19225 
             Sz 95 M3.0  200    0.33    0.03   4.08   890.0    1    1.7052  0.07523 
             Sz 96 M1.0  200    0.46    0.11   4.08   890.0    1    1.7052  0.11702 
             Sz 97 M4.0  200    0.25    0.03   4.64   890.0    1   1.93924  0.07523 
             Sz 98 K7.0  200    0.74    0.20 237.29   890.0    1  99.17315  0.59348 
             Sz 99 M4.0  200    0.22    0.03  -0.04   890.0    0  -0.01672  0.07523 
         V1192 Sco M4.5  200    0.16    0.02   0.91   890.0    1   0.38033  0.07941 
          V856 Sco A7.0  200    2.84    0.29  55.81   890.0    1  23.32527  0.11702 
